0.0414279
0.0589284
 0.102711
        0
0.0550483
 0.132738
 0.119239
  0.48394
0.0913175
 0.147153
 0.118807
 0.574858
0.0946979
 0.144771
 0.117103
 0.720408
0.0915553
 0.141556
 0.110826
 0.706487
0.0896166
 0.130637
 0.122802
 0.720796
0.0897196
 0.124289
 0.156716
 0.851876
0.0930694
 0.121035
 0.175308
 0.901016
0.0947817
 0.122559
 0.181616
 0.912466
0.0973632
 0.123557
 0.183502
  0.89945
0.0983242
 0.128143
 0.183256
 0.889413
0.0965101
 0.127974
 0.179091
 0.859453
0.0938616
 0.125214
 0.172873
 0.828315
0.091194
0.123157
0.168137
0.800883
0.0888411
 0.120026
 0.162517
 0.779662
0.086465
0.117285
0.157393
0.760916
0.0839884
  0.11425
 0.154879
  0.75895
0.081847
0.112486
0.158273
0.773114
0.0798686
 0.111209
 0.160018
 0.782142
0.0780288
   0.1094
 0.158513
 0.775779
0.0763944
 0.108411
 0.160283
 0.776891
0.0749732
 0.107871
 0.163922
 0.777291
0.0735216
 0.106984
 0.165137
 0.771863
0.0721469
 0.106144
  0.16638
 0.765091
0.0708892
 0.105255
 0.167605
 0.756033
0.0698126
 0.104093
 0.169778
 0.745344
0.0686509
  0.10312
 0.170807
 0.735824
0.0676829
 0.102194
  0.17447
 0.726681
0.0668629
  0.10124
 0.176357
 0.717236
0.0660935
 0.100602
 0.177574
 0.709492
0.0656128
0.0998278
 0.182654
 0.700549
0.0652984
0.0987519
 0.188317
 0.690935
0.0650526
0.0975775
 0.193799
 0.681429
0.0648308
0.0966462
 0.198373
 0.672931
0.0649111
0.0956593
 0.204141
 0.664391
0.0647963
0.0949888
 0.208557
 0.656983
0.0645002
0.0945877
 0.212079
 0.650436
0.0646735
0.0944305
 0.217627
 0.644172
0.0650952
0.0940632
 0.224423
 0.637414
0.0652221
0.0934989
 0.231073
 0.630435
0.0651636
0.0928867
 0.236138
 0.623602
0.0650399
 0.092483
 0.240716
 0.617351
0.0649062
0.0924732
 0.244687
 0.612031
0.0647594
0.0922005
 0.248207
 0.606349
0.0647281
0.0924284
 0.252349
 0.601669
0.0645794
0.0930754
 0.254963
 0.598096
0.0644185
0.0929007
 0.258234
 0.592926
0.0641312
0.0926898
 0.260725
 0.587857
0.0638856
0.0925369
 0.263249
 0.583139
0.0635927
0.0922885
 0.265365
 0.578586
0.0632999
0.0922136
 0.266847
 0.574588
0.0630821
0.0921971
 0.268736
  0.57095
0.0628644
0.0920811
  0.27064
 0.567135
0.0626978
0.0920865
 0.272803
 0.563591
0.0624718
0.0924591
 0.274645
 0.560893
0.0624131
0.0931037
 0.277091
 0.558662
 0.062403
0.0943181
 0.279207
 0.557708
0.0624534
0.0947717
 0.281254
 0.555407
0.0627257
0.0948909
  0.28385
 0.552475
0.0628235
0.0951376
 0.286189
 0.549798
0.0626619
0.0951276
 0.288082
 0.546719
0.0623698
0.0950201
 0.289587
 0.543603
0.0620553
0.0947723
 0.291028
 0.540381
0.0617465
0.0944227
 0.292636
 0.537119
 0.061485
0.0943138
  0.29422
 0.534617
0.0613683
0.0942062
 0.295898
  0.53234
0.0611968
0.0940938
 0.297272
 0.530315
0.0609693
0.0939009
 0.298453
 0.528396
0.0611233
0.0935865
 0.300513
 0.526794
0.0614333
0.0934901
 0.302412
 0.526262
0.0616002
0.0937581
   0.3042
 0.526949
0.0619127
0.0938659
  0.30602
 0.527604
0.0623966
 0.094252
 0.308416
 0.529352
0.0632599
0.0946696
   0.3113
 0.531409
0.0637822
0.0946108
 0.314057
 0.532171
0.0642083
0.0944786
 0.317276
  0.53284
 0.064551
0.0943817
 0.319897
 0.533319
 0.064767
0.0942397
 0.322071
 0.533579
0.0649247
0.0942018
 0.324556
 0.533903
0.0649084
0.0940584
 0.327189
 0.533409
0.0648651
0.0941543
 0.329029
 0.533588
0.0648614
0.0943063
 0.331115
 0.533554
0.0649059
0.0943743
 0.333102
 0.533611
 0.065019
0.0942154
 0.335815
 0.532786
0.0653359
0.0939891
 0.339583
  0.53157
0.0657412
0.0937768
 0.343267
 0.530243
0.0662576
0.0935672
 0.346865
 0.529033
0.0666675
0.0932576
 0.350247
 0.527451
0.0669822
0.0929215
 0.353356
 0.525764
0.0672647
 0.092552
 0.356377
 0.523963
0.0678307
0.0922451
 0.359819
 0.522603
0.0684181
0.0918611
  0.36362
 0.520573
0.068906
0.091514
0.367116
0.518561
0.0695203
0.0911411
 0.371145
 0.516316
0.0700481
0.0907372
 0.374849
 0.513976
0.0706432
0.0903343
 0.378792
 0.511563
 0.071259
0.0899955
 0.384754
 0.510226
0.0720646
0.0897075
  0.39153
 0.513828
0.0728556
0.0894914
   0.3971
  0.52296
0.0736944
0.0891948
 0.401814
 0.528426
0.0746515
0.0888566
  0.40607
 0.531575
0.0754753
0.0884424
  0.40979
 0.531804
0.0764624
0.0880409
 0.413668
 0.531352
0.0773637
0.0876598
 0.417075
  0.53056
0.0782966
0.0873241
 0.420175
 0.529535
0.0791344
0.0869623
 0.423046
 0.528844
0.0798523
0.0866066
 0.425534
 0.528505
0.0804014
0.0862758
 0.427572
 0.528626
0.0807226
0.0860067
 0.428669
 0.529094
 0.080927
0.0857769
 0.429223
 0.529627
0.0810463
0.0856226
 0.429278
  0.53032
0.0809597
0.0857347
 0.428948
 0.532336
0.0808606
0.0857864
 0.428629
 0.534051
0.0807122
0.0859276
 0.428236
 0.535912
 0.080548
0.0859669
 0.427814
 0.537267
0.0804218
 0.086086
   0.4274
 0.538431
0.0802217
0.0863052
 0.426812
 0.539821
0.0799889
0.0865749
 0.425992
 0.540983
0.0797824
0.0866719
   0.4251
 0.541164
0.0795944
0.0868168
 0.424443
 0.541381
0.0793851
0.0868959
 0.423657
 0.541112
0.0791814
0.0869601
 0.422911
 0.540603
0.0789629
0.0870879
 0.422477
 0.540158
0.078752
0.087155
0.422264
0.539433
0.0785529
0.0871337
 0.422175
 0.538399
0.0783729
0.0870664
 0.422491
 0.537274
0.0782156
0.0869291
  0.42316
 0.536061
0.0780458
0.0868819
 0.424004
 0.534937
0.0779624
0.0867568
 0.425557
 0.533851
0.0779039
0.0867022
 0.427434
 0.532708
0.0778994
 0.086577
 0.429644
 0.531539
0.0779543
0.0864739
 0.432161
 0.530374
0.0780889
0.0864171
 0.434984
 0.528988
0.0783799
0.0863914
 0.438274
 0.527634
0.0785536
 0.086298
 0.441242
  0.52625
0.0788806
0.0861376
 0.444499
 0.525373
0.0791743
 0.085913
 0.447442
 0.524983
0.0796232
 0.085707
  0.45052
 0.525547
0.0800581
0.0854917
 0.453386
 0.526223
0.0805403
0.0852612
 0.456285
 0.526615
0.0811231
0.0850445
  0.45933
 0.527085
0.081599
0.084828
0.461904
 0.52801
0.0821787
 0.084669
 0.464717
 0.529957
0.0828326
 0.084915
 0.467633
 0.534072
0.0834499
0.0850069
 0.470341
 0.537158
0.0841688
0.0849988
 0.473217
 0.539479
0.0848238
0.0848944
 0.475895
 0.540983
0.0853624
0.0848645
 0.478239
 0.542644
 0.085774
0.0848075
 0.480198
 0.544009
0.0861525
 0.084751
 0.482204
 0.545212
0.0865406
 0.084651
 0.484358
  0.54594
0.086998
0.084597
0.486765
0.546903
0.0874935
 0.084649
 0.489188
 0.548199
0.0880161
0.0849293
 0.491398
 0.550072
0.0885476
0.0848833
 0.493705
 0.550359
0.0890737
0.0848187
 0.495853
 0.550409
0.0895563
0.0848406
 0.497562
 0.550708
0.0901102
0.0849538
 0.499346
 0.551164
0.0905392
0.0849647
 0.500876
 0.551251
0.0909077
0.0849231
 0.502243
 0.551097
0.0912281
0.0848898
 0.503333
 0.550925
0.0915365
0.0848779
 0.504461
  0.55075
0.0917932
0.0848392
 0.505386
 0.550396
0.0920234
0.0847499
 0.506365
 0.549852
0.0922605
0.0846188
  0.50742
 0.549094
0.0925321
0.0844973
 0.508583
 0.548392
0.0928601
0.0843884
  0.50996
 0.547723
0.0932019
0.0843024
 0.511463
 0.547082
0.0936228
0.0841891
 0.513191
 0.546293
 0.094051
0.0840507
 0.515003
 0.545392
0.0944434
0.0838939
 0.516737
  0.54427
0.0948668
0.0837857
 0.518396
  0.54337
0.0951954
0.0836631
 0.519872
 0.542365
0.0954519
0.0835426
 0.521174
 0.541368
0.0956973
0.0835548
 0.522528
 0.540601
 0.095963
0.0836228
 0.524175
 0.539843
0.0961817
0.0835399
 0.525571
 0.538851
0.0963809
0.0834043
 0.526834
  0.53776
0.0965307
0.0832593
 0.527974
 0.536646
0.0966455
0.0831128
 0.529122
 0.535513
0.0967596
0.0829828
 0.530266
 0.534425
0.0968892
0.0828635
 0.531486
 0.533328
0.0969906
0.0827469
 0.532703
 0.532223
0.0970824
0.0826498
 0.533954
  0.53114
0.0971501
0.0826973
  0.53506
 0.530649
0.0971891
0.0829624
 0.536031
 0.530754
 0.097252
0.0833404
 0.537172
 0.530993
0.0973612
0.0835964
 0.538514
 0.530847
0.0974796
0.0838556
 0.539891
 0.530648
0.0976292
0.0840905
 0.541492
 0.530274
0.0979385
0.0842464
 0.543689
 0.529606
0.0982174
0.0845944
 0.545688
 0.529288
 0.098471
0.0850438
 0.547559
 0.529121
0.0987246
0.0853798
 0.549476
 0.528673
0.0990301
0.0858935
 0.551486
 0.528426
0.0993067
0.0861389
 0.553178
 0.527723
 0.099598
0.0864959
 0.554701
 0.527142
0.0999427
0.0868631
 0.556393
  0.52649
 0.100243
0.0872877
 0.557781
 0.525822
 0.100531
0.0876672
 0.559071
 0.524967
 0.100775
0.0878975
 0.560243
 0.523823
 0.101072
0.0880304
 0.561564
 0.522558
 0.101294
0.0883535
 0.562791
 0.521542
 0.101569
0.0885435
 0.564177
 0.520418
 0.101903
0.0885514
 0.565671
 0.519348
0.102297
0.088509
0.567342
0.518345
 0.102726
0.0884378
 0.569197
 0.517426
 0.103231
0.0883531
 0.571391
 0.516676
0.103764
 0.08821
0.573568
0.516093
 0.104368
0.0881928
    0.576
 0.516033
 0.104854
0.0882718
 0.577958
 0.516199
  0.10527
0.0883172
 0.579602
 0.516269
 0.105672
0.0882346
 0.581204
  0.51613
 0.106121
0.0881069
 0.582952
 0.516027
 0.106545
0.0879371
 0.584601
 0.515587
 0.106924
0.0878283
  0.58616
 0.515129
 0.107323
0.0877614
 0.587696
 0.514787
 0.107659
0.0876196
 0.589033
 0.514364
  0.10802
0.0874664
 0.590476
 0.513997
 0.108388
0.0873148
 0.591937
 0.513594
 0.108752
0.0871653
 0.593456
 0.513111
 0.109145
0.0870479
 0.595072
 0.512695
 0.109548
0.0868879
 0.596857
 0.511934
 0.110003
0.0867332
 0.598773
 0.511237
 0.110475
0.0866061
  0.60067
 0.510675
  0.11098
0.0865341
 0.602539
 0.510261
 0.111469
0.0865242
 0.604228
 0.509985
 0.111913
0.0864845
 0.605773
 0.509548
 0.112304
0.0864296
 0.607139
  0.50911
0.112692
0.086451
0.608394
0.508934
 0.113109
0.0863593
 0.609726
 0.508363
 0.113497
0.0862354
 0.611011
 0.507624
 0.113894
0.0860709
 0.612313
 0.506704
 0.114271
0.0859741
 0.613564
 0.505935
 0.114627
0.0858622
 0.614707
 0.505108
 0.114941
0.0857128
 0.615731
 0.504219
 0.115287
0.0856183
 0.616842
 0.503406
 0.115647
0.0855088
 0.617967
 0.502558
 0.115968
0.0854552
 0.618951
 0.501797
0.116348
0.085448
0.620078
0.501151
 0.116646
0.0853415
 0.620696
 0.500253
 0.116878
0.0852955
 0.620931
 0.499452
  0.11711
0.0853054
 0.620944
 0.498712
 0.117278
0.0852407
 0.620693
 0.497854
 0.117393
0.0850865
 0.620244
 0.496891
 0.117511
0.0849167
 0.619708
 0.495947
 0.117587
0.0847554
 0.619049
 0.495052
 0.117614
0.0846316
 0.618336
  0.49436
 0.117635
0.0844672
 0.617595
  0.49359
0.117685
0.084316
0.616836
0.492847
 0.117668
0.0841698
 0.616018
 0.492124
 0.117613
0.0840613
 0.615178
 0.491465
 0.117527
0.0839824
 0.614329
 0.490811
 0.117467
0.0838337
 0.613491
 0.490025
 0.117391
0.0836876
 0.612657
 0.489215
 0.117306
0.0835461
 0.611843
 0.488394
  0.11722
0.0834429
 0.610986
 0.487618
 0.117141
0.0833383
  0.61013
 0.486837
 0.117041
0.0832019
 0.609232
 0.485971
 0.116933
0.0830669
 0.608339
 0.485107
 0.116821
0.0829816
 0.607474
 0.484362
 0.116688
0.0829501
 0.606636
 0.483686
 0.116561
0.0829487
 0.605841
 0.483057
 0.116439
0.0828525
 0.605117
 0.482257
 0.116325
0.0827457
 0.604433
 0.481473
 0.116197
0.0826309
 0.603704
 0.480655
 0.116073
0.0825304
 0.603021
 0.479878
 0.115949
0.0825275
 0.602298
 0.479283
 0.115811
0.0824254
 0.601562
 0.478475
 0.115652
0.0822901
 0.600737
 0.477606
 0.115493
0.0821567
 0.599874
 0.476749
0.115339
0.082025
0.599035
0.475876
 0.115182
0.0818934
 0.598219
 0.475009
 0.115027
0.0817873
 0.597367
 0.474188
 0.114867
0.0816649
 0.596508
 0.473355
 0.114713
0.0816428
 0.595627
 0.472687
 0.114549
0.0815052
  0.59477
 0.471859
 0.114399
0.0813613
 0.593878
 0.471049
 0.114248
0.0812222
 0.592987
  0.47032
 0.114107
0.0810843
 0.592105
 0.469569
 0.113977
0.0809407
 0.591233
 0.468772
 0.113848
0.0808049
  0.59037
  0.46798
 0.113703
0.0806633
 0.589521
 0.467209
 0.113557
0.0805362
 0.588672
 0.466457
 0.113431
0.0804054
 0.587815
 0.465698
 0.113316
0.0803162
  0.58697
  0.46497
 0.113186
0.0801773
 0.586156
 0.464194
 0.113042
0.0800409
 0.585362
 0.463426
 0.112893
0.0799092
 0.584573
 0.462684
0.112757
0.079781
0.583775
 0.46195
 0.112604
0.0796493
  0.58303
 0.461191
 0.112443
0.0795145
 0.582313
 0.460416
 0.112281
0.0793835
 0.581586
 0.459644
 0.112118
0.0792606
 0.580835
 0.458912
 0.111952
0.0791366
 0.580103
 0.458171
 0.111786
0.0790099
 0.579405
 0.457411
 0.111624
0.0789018
  0.57873
 0.456672
 0.111462
0.0787962
 0.578046
 0.455934
 0.111317
0.0786983
 0.577417
 0.455203
 0.111165
0.0786679
 0.576718
 0.454562
