 0.168419
0.0824619
  4.54606
        0
   0.125842
   0.154932
    4.35544
7.88005e-18
 0.143449
 0.170762
  4.02887
0.0106125
0.128732
0.162948
 3.48933
0.599228
0.115622
0.155715
 3.14174
0.686233
0.112033
 0.14455
  2.8778
  1.2319
0.109807
0.145947
  2.6703
 1.62643
0.117956
0.145435
 2.51708
  1.6793
0.116046
 0.15395
 2.37822
 1.72501
  0.1203
0.155149
 2.26397
 1.68408
0.119002
0.160756
 2.16169
 1.65103
0.114227
 0.15831
 2.07357
 1.58479
0.110424
0.153063
   1.997
 1.52497
0.106901
0.148568
 1.92804
 1.47221
0.103357
0.143752
 1.86386
 1.43123
0.100186
0.139505
 1.80589
 1.39382
0.097893
0.135916
 1.75331
 1.37974
0.0951402
 0.135062
  1.70437
  1.38403
0.0926156
 0.135125
  1.65944
   1.3857
0.090521
0.131831
 1.61771
 1.35743
0.0891648
 0.129848
  1.57928
  1.33864
0.0886415
 0.127969
  1.54368
  1.31871
0.0888146
 0.125597
  1.51048
  1.29533
0.0879481
 0.123562
  1.47918
  1.27353
0.0866508
 0.121234
   1.4498
  1.25049
0.0852413
 0.119012
  1.42228
  1.22842
0.0844358
 0.117126
  1.39635
  1.20837
0.0834206
 0.116205
  1.37208
  1.19134
0.0821782
  0.11434
  1.34944
  1.17248
0.0811073
 0.113494
  1.32831
  1.15633
0.0806732
 0.113633
  1.30927
  1.14203
0.0805551
 0.112944
  1.29142
  1.12665
0.0807034
 0.111561
   1.2746
  1.11077
0.0808138
  0.11023
  1.25875
   1.0955
0.0819846
 0.108869
  1.24448
  1.08064
0.0825942
 0.107522
   1.2306
  1.06656
0.0831196
 0.106288
  1.21745
  1.05315
0.0842773
  0.10509
  1.20549
  1.04009
0.0854865
 0.104018
  1.19423
  1.02763
0.0866261
 0.103059
  1.18357
   1.0157
0.0873993
  0.10202
  1.17338
   1.0039
0.087699
0.101072
 1.16328
0.992615
0.0878219
  0.10057
  1.15329
 0.982472
0.0881331
0.0998752
  1.14408
 0.972175
0.0888983
0.0997907
  1.13572
 0.962913
0.0895877
 0.100119
  1.12764
 0.954367
0.0905967
  0.09946
  1.12059
 0.944704
0.0912288
0.0990006
  1.11331
 0.935552
 0.091953
0.0982514
  1.10666
 0.926297
0.0929479
0.0974375
  1.10097
 0.917234
0.0936856
0.0967411
  1.09478
 0.908531
0.0949889
0.0959975
  1.09014
 0.900013
0.0962537
0.0952613
  1.08544
 0.891683
0.0976647
 0.094606
  1.08102
  0.88364
0.0988443
0.0941702
  1.07636
 0.876062
0.100528
0.093976
 1.07242
0.868895
 0.102231
0.0942128
  1.06857
 0.862357
0.104921
0.093838
 1.06596
0.855281
 0.108028
0.0931784
  1.06413
 0.848188
 0.110033
0.0926878
  1.06111
 0.841407
 0.111557
0.0922422
  1.05768
 0.834881
  0.11266
0.0918037
  1.05387
 0.828582
 0.113814
0.0913452
  1.05031
 0.822423
0.115101
0.090896
   1.047
0.816399
 0.116407
0.0905594
  1.04375
 0.810648
 0.118394
0.0901546
  1.04135
 0.804896
  0.12006
0.0897346
  1.03869
 0.799389
 0.121445
0.0893657
  1.03584
 0.794348
 0.123928
0.0891651
  1.03429
 0.789979
  0.12648
0.0889355
  1.03272
 0.785892
 0.127988
0.0887051
  1.02991
 0.781805
 0.129838
0.0884951
  1.02762
 0.778439
  0.13149
0.0883119
    1.025
  0.77507
  0.13376
0.0882305
   1.0229
 0.771885
 0.135648
0.0881214
  1.02053
 0.769141
 0.137268
0.0881355
  1.01793
 0.766684
 0.138561
0.0881901
  1.01511
 0.764554
 0.139575
0.0882567
  1.01216
 0.762826
  0.14017
0.0885453
   1.0088
 0.761206
  0.14031
0.0891521
  1.00496
 0.760099
 0.140426
0.0897722
   1.0012
 0.758951
 0.140527
0.0906949
 0.997497
 0.757885
 0.140709
0.0910722
 0.994146
 0.756272
 0.140895
0.0913042
 0.990971
 0.754642
  0.14106
0.0916253
 0.987793
 0.752749
 0.141227
0.0919379
 0.984643
 0.750766
0.141491
0.092093
0.982089
0.748867
 0.141815
0.0921987
 0.979852
 0.746722
0.142253
0.092154
0.977867
0.744048
 0.142849
0.0920989
 0.976265
 0.741318
 0.143815
0.0920416
 0.975273
 0.738518
   0.1449
0.0919379
 0.974381
 0.735547
0.145686
0.091782
0.972851
0.732368
 0.146435
0.0916315
 0.971274
 0.729207
  0.14705
0.0914896
 0.969576
 0.726113
 0.147477
0.0914101
 0.967571
 0.723165
 0.147809
0.0915033
  0.96634
 0.719783
 0.148193
0.0915716
 0.965563
 0.719505
 0.148758
0.0914936
 0.964783
 0.726047
 0.149388
0.0911313
 0.963978
 0.732279
 0.150098
0.0907172
 0.963222
 0.738503
 0.150519
0.0903401
 0.961904
  0.74262
  0.15124
0.0901637
 0.961126
 0.746819
 0.151937
0.0901202
 0.960335
 0.749985
  0.15231
0.0901635
 0.959014
 0.751783
 0.152747
0.0900552
 0.958086
 0.752664
 0.153083
0.0899213
 0.957143
 0.753042
 0.153348
0.0898086
 0.956145
 0.753204
 0.153466
0.0896443
 0.955066
 0.753442
 0.153518
0.0894833
 0.953877
 0.753743
 0.153476
0.0893393
 0.952589
 0.754493
 0.153362
0.0894418
 0.951355
 0.756606
 0.153262
0.0894628
 0.950052
 0.758482
 0.153234
0.0895384
 0.948924
 0.760659
 0.15319
  0.0895
0.947583
0.762078
 0.153378
0.0896251
 0.946785
 0.764411
 0.153371
0.0898302
 0.945525
 0.766865
 0.153261
0.0900646
  0.94394
 0.769098
 0.153215
0.0901001
 0.942386
 0.770128
 0.153302
0.0902592
 0.941113
 0.771622
0.153253
0.090356
0.939484
0.772467
 0.153125
0.0905083
 0.937654
 0.773202
  0.15305
0.0908135
 0.936062
 0.774206
 0.152953
0.0910106
  0.93447
 0.774484
 0.152782
0.0911693
 0.932762
 0.774259
 0.152647
0.0912947
 0.931321
 0.773692
 0.152499
0.0912738
 0.929989
 0.772413
 0.152352
0.0916051
 0.928846
 0.771877
0.152355
0.091655
0.928218
0.770465
 0.152352
0.0918598
 0.927721
 0.769208
 0.152324
0.0918233
 0.927311
 0.767211
 0.152343
0.0918415
 0.927142
 0.765213
 0.152358
0.0918631
 0.927072
 0.762921
 0.152501
0.0918756
  0.92736
 0.760455
 0.152528
0.0919646
 0.927547
 0.757987
 0.152708
0.0918658
 0.927954
 0.755353
 0.152823
0.0916569
 0.928211
 0.752791
 0.153233
0.0913768
   0.9289
 0.750398
 0.153595
0.0911092
 0.929502
  0.74819
 0.153992
0.0909406
 0.930155
 0.746099
 0.154437
0.0907848
 0.930887
 0.744175
 0.154783
0.0906121
 0.931523
 0.742444
 0.155324
0.0903533
 0.932429
 0.741061
 0.155863
0.0902358
 0.933316
 0.740942
 0.156412
0.0900292
 0.934275
 0.740323
 0.157093
0.0898112
 0.935426
 0.739436
 0.157724
0.0896303
 0.936576
  0.73827
 0.158228
0.0894446
 0.937629
 0.737218
 0.158742
0.0893097
 0.938747
 0.735982
 0.159241
0.0891828
 0.939889
 0.734728
 0.159713
0.0890945
 0.941034
 0.733364
 0.160196
0.0889536
 0.942209
 0.732133
   0.1608
0.0888177
 0.943554
 0.731059
   0.1615
0.0887648
 0.944998
 0.730373
0.162155
 0.08865
 0.94643
0.728903
 0.162831
0.0885475
 0.947885
 0.727334
 0.163581
0.0884215
 0.949431
 0.725816
  0.16438
0.0882932
 0.951021
 0.724427
 0.165194
0.0881603
 0.952621
  0.72279
 0.166026
0.0880441
 0.954227
 0.721031
 0.166944
0.0879499
 0.955922
 0.719219
 0.167871
0.0878129
 0.957601
 0.717421
 0.168809
0.0877253
 0.959271
 0.715522
 0.169775
0.0876458
 0.960947
 0.713594
 0.170772
0.0876321
 0.962626
 0.711643
 0.171741
0.0875008
 0.964259
 0.709693
0.172771
0.087334
0.965936
0.707776
 0.173808
0.0871444
 0.967611
 0.705904
 0.174873
0.0869562
 0.969308
 0.703988
  0.17594
0.0867706
 0.971013
 0.702043
 0.177035
0.0867793
 0.972735
 0.700085
0.178104
 0.08657
 0.97446
0.698196
 0.179128
0.0864268
  0.97619
 0.696212
 0.180095
0.0862213
 0.977931
 0.694279
  0.18106
0.0862326
 0.979689
  0.69236
 0.181994
0.0863601
 0.981485
 0.690516
 0.182931
0.0862104
 0.983352
  0.68857
 0.183869
0.0859855
 0.985235
  0.68677
 0.184864
0.0857596
 0.987227
 0.684977
 0.185874
0.0855345
 0.989246
 0.683206
 0.186887
0.0853114
 0.991273
 0.681448
 0.187906
0.0851082
 0.993306
 0.679769
 0.188951
0.0849106
 0.995368
  0.67809
 0.189936
0.0847229
 0.997362
 0.676421
 0.190906
0.0845397
 0.999335
 0.674599
  0.19191
0.0844916
  1.00133
 0.672893
 0.192887
0.0846121
  1.00326
 0.671344
  0.19384
0.0845623
  1.00519
  0.66963
 0.194772
0.0845693
  1.00708
 0.667963
 0.195694
0.0845788
  1.00895
 0.666299
0.196612
0.084513
 1.01081
 0.66459
 0.197557
0.0845776
   1.0127
 0.662974
 0.198484
0.0846778
  1.01457
 0.661382
 0.199395
0.0847094
   1.0164
 0.659744
 0.200291
0.0848835
  1.01819
 0.658202
 0.201185
0.0848345
  1.01998
  0.65654
 0.202074
0.0848147
  1.02176
 0.654899
  0.20296
0.0847684
  1.02353
 0.653261
 0.203832
0.0847364
  1.02526
 0.651638
 0.204714
0.0846501
  1.02701
  0.65002
 0.205588
0.0844898
  1.02872
 0.648457
0.206457
0.084309
 1.03042
   0.647
 0.207392
0.0841848
  1.03219
 0.645417
0.208287
0.084024
 1.03389
0.643871
 0.209204
0.0838569
  1.03559
 0.642492
 0.210068
0.0837007
  1.03721
 0.641139
 0.210937
0.0835832
  1.03881
 0.639876
 0.211812
0.0835494
  1.04039
 0.638761
0.212707
0.083484
 1.04198
0.637536
  0.21355
0.0837159
  1.04347
  0.63677
 0.214401
0.0840401
  1.04497
 0.636061
0.215313
0.084286
 1.04652
0.635154
 0.216138
0.0843151
  1.04798
 0.633891
0.216945
0.084275
 1.04941
0.632528
 0.217723
0.0841423
   1.0508
 0.631076
 0.218497
0.0841141
  1.05218
 0.629732
 0.219269
0.0841625
  1.05357
 0.628477
 0.220037
0.0840458
  1.05491
 0.627053
 0.220742
0.0838761
  1.05618
 0.625657
 0.221414
0.0837048
  1.05741
 0.624263
 0.222085
0.0835302
  1.05863
 0.622893
0.222758
0.083371
 1.05985
0.621618
 0.223419
0.0832132
  1.06105
 0.620242
 0.224058
0.0830452
  1.06222
 0.618883
 0.224694
0.0828701
  1.06338
  0.61757
 0.225352
0.0827153
  1.06446
 0.616338
 0.225978
0.0826139
  1.06542
  0.61522
 0.226603
0.0824845
   1.0663
 0.614033
 0.227216
0.0823372
  1.06709
 0.612803
  0.2278
0.082242
  1.0678
0.611662
 0.228348
0.0820738
  1.06843
 0.610381
 0.228886
0.0819027
  1.06902
 0.609089
 0.229408
0.0817672
  1.06956
 0.607831
 0.229896
0.0816024
  1.07004
 0.606571
 0.230388
0.0814346
  1.07049
 0.605305
 0.230883
0.0812794
  1.07091
 0.604051
 0.231317
0.0811192
  1.07128
  0.60281
 0.231726
0.0809545
  1.07164
 0.601562
 0.232126
0.0808236
  1.07197
  0.60037
 0.232494
0.0807241
   1.0723
 0.599219
0.232851
0.080566
 1.07241
0.597989
 0.233188
0.0804645
  1.07231
 0.596829
 0.233496
0.0804391
  1.07203
 0.595761
 0.233776
0.0803486
  1.07159
 0.594601
0.234026
0.080189
 1.07101
0.593397
 0.234245
0.0800868
  1.07032
  0.59237
 0.234429
0.0800056
  1.06952
 0.591374
 0.234582
0.0800197
  1.06863
 0.590539
 0.234696
0.0798779
  1.06763
 0.589394
 0.234778
0.0797277
  1.06656
 0.588234
0.234828
0.079635
 1.06543
0.587171
 0.234849
0.0796085
  1.06427
 0.586205
 0.234856
0.0796291
  1.06311
 0.585293
 0.234838
0.0795044
  1.06192
 0.584162
 0.234805
0.0793743
  1.06071
 0.583029
 0.234758
0.0792232
   1.0595
 0.581905
 0.234658
0.0791083
  1.05822
 0.580886
0.234544
0.078962
 1.05692
0.579787
 0.234407
0.0788107
  1.05561
 0.578675
0.234256
0.078681
 1.05429
0.577592
 0.234085
0.0786969
  1.05299
 0.576726
 0.233916
0.0788555
  1.05175
 0.576043
 0.233728
0.0790881
  1.05049
 0.575427
0.233553
0.079072
 1.04924
0.574461
 0.233357
0.0789525
  1.04796
 0.573402
 0.233139
0.0788161
  1.04664
 0.572343
0.232908
0.078676
  1.0453
0.571292
 0.232676
0.0786432
  1.04402
 0.570573
0.232448
0.078528
 1.04275
0.569651
 0.232212
0.0784102
  1.04146
 0.568608
 0.231975
0.0782716
  1.04019
 0.567617
 0.231729
0.0781333
  1.03891
 0.566581
 0.231479
0.0779922
  1.03762
 0.565555
 0.231225
0.0778615
  1.03634
 0.564588
  0.23097
0.0777286
  1.03507
  0.56361
  0.23071
0.0777272
   1.0338
  0.56288
 0.230452
0.0775896
  1.03254
 0.561879
0.230189
0.077451
 1.03126
 0.56087
 0.229925
0.0773285
     1.03
 0.559876
 0.22966
0.077225
 1.02874
0.558907
 0.229396
0.0770879
  1.02745
 0.557917
 0.229131
0.0769588
  1.02618
 0.556951
0.228867
0.076823
 1.02495
0.555967
 0.228603
0.0767145
  1.02374
 0.555041
  0.22834
0.0765907
  1.02253
 0.554087
 0.228076
0.0765409
  1.02132
 0.553246
 0.227813
0.0764075
  1.02011
 0.552282
 0.227552
0.0762762
  1.01894
 0.551322
 0.227291
0.0761444
  1.01778
 0.550368
 0.227031
0.0760133
  1.01659
 0.549419
 0.226772
0.0758836
  1.01545
 0.548481
 0.226517
0.0757539
  1.01434
 0.547541
 0.226268
0.0756348
  1.01327
 0.546613
  0.22604
0.0755068
  1.01227
 0.545683
 0.225826
0.0753813
  1.01131
 0.544757
 0.225617
0.0752625
  1.01036
  0.54384
0.225459
0.075176
 1.00951
0.542957
 0.225305
0.0750847
  1.00865
 0.542069
0.225199
 0.07498
 1.00787
 0.54117
 0.225095
0.0749486
  1.00708
 0.540346
