0.0414279
0.0589284
 0.102711
        0
0.105175
0.178231
0.176006
0.774897
0.180497
0.178907
0.158117
0.734165
0.193811
0.179806
0.181461
 0.92863
0.192137
0.175714
0.169969
 0.87305
0.179408
0.169936
 0.17415
0.837094
0.167394
 0.16031
0.173177
0.871352
0.159066
0.153658
0.179726
0.847411
0.155272
0.146958
0.195961
 0.80386
0.150907
0.140379
0.206801
0.765578
0.145284
0.135299
0.209335
0.734645
0.139471
0.130455
0.215663
0.704001
 0.13442
0.126905
0.218366
0.676738
0.129606
0.125046
0.227437
0.657772
0.125489
0.133423
 0.22896
0.704777
0.122087
0.135939
0.231156
0.709304
0.119022
0.135871
0.230443
 0.71156
0.116336
0.135203
0.227215
 0.72161
0.113376
0.134396
0.223851
0.721941
 0.11055
0.132243
0.220539
 0.71643
0.108503
0.129545
0.216761
0.712986
0.107068
0.126964
0.213705
0.711431
 0.10529
0.125771
0.210993
0.708172
0.103712
0.124128
0.208684
0.702572
0.102489
0.126594
0.207341
0.700697
0.101964
0.124659
0.205849
 0.69455
0.100881
0.130012
0.204288
0.695286
  0.1002
0.129327
0.202171
0.694054
0.0999504
 0.128323
 0.200596
 0.689856
0.100368
0.126668
0.199187
0.684148
0.101015
0.128006
0.197771
0.684818
0.101701
0.128306
0.196838
 0.68376
0.101965
0.135946
0.196757
0.690933
0.102946
0.135868
0.200973
0.683811
0.103405
0.151336
0.203054
0.693648
0.103625
0.151255
 0.20559
0.685999
0.102877
0.163127
0.206929
0.692415
 0.10261
0.169145
0.208656
0.693721
 0.10336
0.175072
0.211449
0.694053
0.102962
0.177652
0.213481
0.693179
0.102749
0.180875
0.215183
0.693895
0.102723
0.183527
0.217424
0.693046
 0.10302
0.188154
 0.21998
0.693569
0.103339
0.192214
0.222402
0.692474
0.103396
0.200241
0.224981
0.694347
0.103761
0.204922
0.228065
 0.69044
0.103569
0.217397
0.230623
0.693916
0.103414
0.224349
 0.23358
0.690802
0.103342
0.236609
0.236927
0.698408
0.103172
0.239542
0.241708
0.692994
0.103255
0.251786
0.246088
0.706636
0.103432
0.255902
0.249693
0.704088
0.103684
0.264175
 0.25242
 0.70825
0.103949
0.271919
0.255133
0.710907
0.104045
 0.28279
0.257692
0.714952
0.104173
0.293077
0.260438
0.718909
0.104291
0.304234
0.262932
0.725446
0.103941
0.314096
0.264799
0.729037
0.103874
0.325806
0.267341
0.733715
0.104148
0.337059
0.270556
0.738448
0.104046
0.350162
 0.27359
0.742982
0.103876
0.361755
0.276706
0.746056
0.103707
0.376162
0.279939
0.752057
0.103572
0.386172
0.283428
0.753622
0.103526
0.403874
0.287648
0.766036
0.103495
0.409394
0.293604
0.761779
0.103577
0.425109
0.297681
0.770894
 0.10383
0.437644
0.301718
0.776417
0.104449
0.451304
0.306448
0.782125
0.105186
0.466276
0.311043
 0.78788
0.106197
0.480687
0.316274
0.794009
0.107446
0.496588
0.321767
 0.80065
0.108965
0.510852
0.328173
0.807806
0.110797
0.526671
0.335077
0.815336
 0.11287
0.543409
0.342765
 0.82299
0.115836
0.559988
0.351831
0.831562
0.119245
0.577303
 0.36086
0.839341
0.123027
0.593514
0.370043
0.846015
 0.12768
0.610343
0.380352
0.852408
0.133283
0.626726
0.392215
 0.85703
0.139314
0.652337
0.405223
0.875538
0.146287
0.677545
0.419652
0.895976
0.154205
0.701124
0.434264
0.914358
0.163262
0.730037
0.458672
0.950696
0.174011
0.765071
0.490743
0.996124
0.193217
0.760629
0.596181
 1.06629
 0.21246
0.756339
0.691974
 1.13247
0.231757
0.752193
0.785166
 1.19521
0.251227
0.748115
0.873403
   1.254
0.271474
0.744073
 0.96051
 1.30887
0.292796
0.740018
 1.04403
  1.3597
0.316225
0.736025
 1.13291
 1.40542
0.340971
 0.73208
 1.21931
 1.44605
0.367811
0.728182
 1.30779
 1.48122
0.396083
 0.72435
  1.3939
 1.51049
0.425909
0.720578
 1.47878
 1.53411
0.456208
0.716873
 1.56219
 1.54356
0.486691
0.713273
 1.63975
 1.54309
0.515493
0.709782
  1.7072
 1.53697
0.543251
0.706589
 1.76606
 1.52987
0.569625
0.703797
 1.81677
 1.52238
0.593891
0.701457
  1.8592
 1.51499
0.615728
0.699643
  1.8937
 1.50802
0.63456
0.69837
1.92087
1.50184
0.650816
0.697701
 1.94232
  1.4968
0.664222
0.697782
 1.95877
 1.49386
0.675279
0.698641
 1.97095
 1.49307
0.684297
0.700456
 1.97825
 1.49346
0.691528
0.703015
  1.9823
 1.49523
0.697244
0.706281
 1.98284
 1.49665
 0.70172
0.710194
 1.98072
  1.4972
 0.70471
0.714446
 1.97605
 1.49595
0.706793
0.718858
 1.97015
 1.49331
0.708038
0.723252
 1.96343
 1.48998
0.708593
0.727563
 1.95617
  1.4862
0.708626
0.731886
 1.94857
 1.48214
0.708085
0.735889
 1.94075
 1.47824
0.707074
0.739588
 1.93279
 1.47456
0.705646
0.742988
 1.92475
 1.47098
0.703816
0.745861
 1.91675
 1.46805
0.701696
0.748312
 1.90885
 1.46516
0.699331
0.750261
 1.90109
 1.46264
0.696772
0.751583
 1.89353
 1.46121
0.694113
0.752316
 1.88619
 1.46029
0.691414
0.752526
 1.87902
 1.45927
0.688696
0.752237
 1.87203
 1.45845
0.685991
0.751463
 1.86521
 1.45786
0.683313
0.750295
 1.85857
 1.45727
0.680681
0.748772
  1.8521
 1.45723
0.678137
0.746979
 1.84591
 1.45834
0.675679
 0.74499
 1.83989
 1.45999
0.673304
0.742869
 1.83402
 1.46195
0.671047
0.740743
 1.82829
 1.46534
0.668915
 0.73869
 1.82273
 1.46919
0.666793
0.736468
 1.81715
 1.47181
0.664739
0.734268
 1.81184
 1.47325
0.662716
   0.732
 1.80657
 1.47427
0.660692
0.729666
  1.8013
 1.47491
 0.65871
0.727369
 1.79612
 1.47548
0.656793
0.725177
 1.79112
 1.47585
0.654963
0.723147
 1.78633
 1.47625
0.653141
0.721047
 1.78146
  1.4766
0.651333
0.718859
 1.77673
 1.47583
0.649575
 0.71669
 1.77213
 1.47471
0.647831
0.714567
 1.76752
 1.47375
0.646144
0.712551
 1.76306
 1.47278
0.644468
0.710586
 1.75861
 1.47191
0.642769
0.708691
 1.75411
 1.47134
0.641016
0.706776
 1.74948
 1.47111
0.639262
0.704873
 1.74493
 1.47061
0.637546
0.702998
 1.74051
 1.46986
 0.63588
0.701091
 1.73624
 1.46884
0.634201
0.699252
 1.73195
 1.46815
0.632514
0.697572
  1.7276
 1.46812
0.630892
0.695929
  1.7234
 1.46796
0.629289
0.694358
 1.71919
 1.46821
0.627675
0.692995
 1.71485
 1.46954
0.626104
0.691761
 1.71058
 1.47101
 0.62448
0.690578
 1.70626
 1.47308
0.622836
0.689564
 1.70192
 1.47585
0.621163
0.688842
 1.69755
 1.47967
 0.61949
0.688204
 1.69322
 1.48345
0.617815
0.687807
 1.68892
 1.48788
0.616122
 0.68771
 1.68465
  1.4928
0.614434
0.687909
 1.68043
 1.49815
 0.61278
0.688157
 1.67627
 1.50325
0.611138
0.688522
 1.67217
  1.5082
0.609503
0.689053
 1.66812
 1.51312
0.60791
0.68951
1.66416
1.51745
0.606326
0.690267
 1.66025
 1.52211
0.604735
0.691409
 1.65634
 1.52727
0.603174
0.692252
  1.6525
 1.53145
0.601603
0.693425
 1.64865
 1.53597
0.600035
0.694839
 1.64482
 1.54061
0.598486
0.696163
 1.64105
 1.54464
0.596964
  0.6976
 1.63737
 1.54843
0.595448
0.699224
 1.63369
 1.55222
0.593939
0.701043
 1.63002
 1.55599
0.592428
0.703309
 1.62636
  1.5601
0.590918
0.705863
 1.62271
 1.56421
0.589426
0.708165
 1.61913
 1.56757
0.587954
0.710227
 1.61562
 1.57019
0.586486
0.712387
 1.61215
 1.57256
0.585031
0.714308
 1.60873
 1.57429
0.583589
0.716076
 1.60537
 1.57561
 0.58216
0.717782
 1.60205
 1.57673
 0.58074
0.719659
 1.59879
 1.57768
 0.57935
0.721098
 1.59565
 1.57833
0.577966
0.722731
 1.59256
 1.57892
0.576595
 0.72432
 1.58957
 1.57928
0.575285
0.725484
 1.58678
 1.57931
0.574003
0.726647
 1.58407
 1.57957
 0.57274
0.727776
 1.58142
 1.58037
0.571486
0.728956
 1.57888
 1.58119
0.570273
0.730099
 1.57649
 1.58212
0.569097
0.731417
 1.57419
 1.58387
0.567989
  0.7328
 1.57201
 1.58654
0.566943
0.734108
 1.56998
 1.58929
0.565933
0.735556
 1.56802
 1.59258
0.564989
0.737032
 1.56618
 1.59608
0.564067
0.738568
 1.56444
 1.59938
0.563223
0.740062
  1.5628
 1.60266
0.562416
0.741652
 1.56113
 1.60635
0.561676
0.743216
 1.55954
  1.6099
0.561035
0.744886
 1.55786
 1.61428
0.560457
0.746505
 1.55624
 1.61837
0.559924
 0.74808
 1.55469
 1.62207
 0.55944
0.749641
 1.55322
 1.62551
0.559044
0.751335
 1.55162
  1.6297
0.558697
0.753065
 1.55001
 1.63396
0.558377
0.754919
  1.5482
 1.63893
0.558102
0.756915
 1.54629
 1.64456
0.557846
0.759027
 1.54432
 1.65044
0.557641
0.761339
 1.54234
 1.65669
0.557441
0.763533
 1.54039
 1.66243
0.557243
0.765749
 1.53842
 1.66817
 0.55712
0.768118
 1.53644
  1.6744
0.556976
0.770569
  1.5344
 1.68076
0.556812
0.773106
 1.53237
 1.68702
0.556618
0.775662
 1.53031
 1.69324
 0.55641
0.778238
 1.52829
 1.69927
0.556208
0.780883
 1.52631
 1.70522
0.555951
0.783507
 1.52437
 1.71086
0.555672
0.786366
 1.52245
 1.71662
0.555364
0.789383
  1.5205
 1.72251
 0.55503
0.792692
 1.51857
 1.72847
0.554618
0.795922
 1.51652
 1.73421
0.554106
0.799136
 1.51437
 1.73961
0.553488
0.802589
 1.51211
 1.74505
 0.55281
0.806284
 1.50977
 1.75062
0.552106
0.810035
 1.50741
 1.75581
0.551347
0.813984
 1.50502
 1.76067
0.550571
0.818127
 1.50265
 1.76527
0.549748
0.822473
 1.50026
 1.76959
0.548909
0.826968
 1.49785
 1.77371
0.548034
0.831713
 1.49543
 1.77785
0.547152
0.836682
 1.49305
 1.78168
0.546263
0.841891
 1.49071
 1.78548
0.545365
0.846996
 1.48836
 1.78887
0.544459
 0.85247
 1.48612
 1.79247
0.543534
0.857587
 1.48371
 1.79522
0.542586
0.862484
  1.4812
 1.79751
0.541644
0.867387
 1.47862
 1.79943
 0.54069
0.872061
 1.47595
 1.80071
0.539724
0.876465
 1.47322
 1.80151
0.538777
0.881021
 1.47051
 1.80228
0.537825
0.885236
 1.46775
 1.80257
0.536883
0.889266
 1.46499
 1.80245
0.535944
0.893261
 1.46226
 1.80209
0.535024
0.897308
 1.45955
 1.80165
0.534096
 0.90099
 1.45684
 1.80078
0.533165
0.904393
 1.45414
 1.79959
0.532238
 0.90754
 1.45146
 1.79812
0.531336
0.911002
 1.44882
  1.7968
0.530441
0.914149
 1.44621
 1.79519
0.529548
0.917006
 1.44362
 1.79331
0.528658
0.919606
 1.44103
  1.7912
0.527792
0.922467
 1.43848
 1.78925
0.526914
0.924979
 1.43592
   1.787
0.526046
0.927431
 1.43339
 1.78473
0.525188
0.929928
 1.43092
 1.78251
0.524326
0.932152
 1.42846
 1.78011
0.523484
0.934448
 1.42608
 1.77783
0.522644
0.936444
 1.42374
 1.77539
0.521816
0.938393
 1.42146
 1.77298
0.520984
  0.9398
 1.41915
 1.77027
0.520166
0.941094
 1.41691
 1.76762
0.519333
0.942037
 1.41462
 1.76488
0.518487
0.942541
 1.41233
  1.7621
0.517627
0.942528
 1.40999
 1.75945
0.516762
0.942323
 1.40764
 1.75701
0.515917
0.942402
 1.40532
 1.75465
0.515072
0.942354
 1.40302
 1.75229
0.514221
 0.94213
  1.4007
 1.75001
0.513365
0.941653
 1.39838
 1.74785
0.512499
0.940897
 1.39606
 1.74594
0.511638
0.940191
 1.39375
   1.744
0.510774
0.939356
 1.39143
 1.74227
0.509901
0.938331
 1.38913
 1.74067
0.509039
0.937405
 1.38683
 1.73906
0.508169
0.936314
 1.38454
 1.73744
0.507301
0.935167
 1.38226
 1.73588
0.506434
0.933955
 1.37999
 1.73439
0.505564
0.932598
 1.37773
  1.7331
  0.5047
0.931249
 1.37548
 1.73188
0.503837
0.929841
 1.37324
 1.73065
 0.50298
0.928477
   1.371
  1.7292
0.502122
0.927029
 1.36878
 1.72781
0.501267
 0.92551
 1.36658
  1.7266
0.500412
0.923957
 1.36439
 1.72554
0.499567
0.922442
  1.3622
 1.72414
0.498729
0.920913
 1.36003
 1.72273
0.497889
0.919357
 1.35787
 1.72151
0.49705
0.91781
1.35572
1.72054
0.496216
0.916273
 1.35356
  1.7195
0.495387
0.914743
 1.35143
 1.71829
0.494563
0.913229
 1.34929
 1.71704
0.493743
0.911732
 1.34716
  1.7157
0.492934
0.910284
 1.34504
 1.71405
0.492125
0.908816
 1.34291
 1.71238
